3039403019
3056818561
3051556892
3054780242
3041028211
3040799012
3048503407
3046613383
3045236745
3052223596
3059106402
3015831623
3045242354
3040193880
3052041267
3058993606
3039022894
3048846622
3057361174
3052609766
3059996780
2999567720
3059167098
3051316468
3043154386
3043592639
3054751020
3060027343
3057097705
3052327230
3038764567
3039692534
3040241967
3054202998
3046413510
3050948923
3054096581
3049851519
3053465098
3054091317
3037758624
3054624078
3043323398
3047876072
3059976733
3057156064
3059638068
3047493856
3048252651
3059725698
3049055360
3049430512
3039513801
3051750076
3040540953
3059194100
3060054599
3055037816
3058531078
3051031574
3043349205
3039330021
3041765788
3058315253
3045306890
3044490352
3041248213
3051989502
3054318110
3057596579
3049552460
3048150589
3050940911
3055644680
3038984357
3048455878
3040358771
3037658730
3054696296
3055657026
3053665276
3044812102
3046917627
3047604088
3037991576
3039124961
3045247752
3055804162
3051498293
3039473939
3054405468
3046957478
3050875734
3041070315
3048093734
3056395873
3053682895
3052614964
3040055717
3052017461
3038241985
3054667250
3043975779
3046567820
3046901964
3057937203
3052646966
3047191517
3053897315
3057810541
3059081398
3038302014
3051317661
3055859263
3055784886
3059801192
3054611575
3041817269
3040894836
3060069389
3056856601
3058142958
2908589602
3051557203
3056555412
3053596759
3060071884
3040043264
3057751180
3040695860
3052806126
3050354628
3045755292
3051475068
3059279087
2912959444
3059518212
3042934896
3043170635
3045272297
3052269228
3044988695
3051547763
3040533953
3041427905
3040464566
3046340388
3046450498
3047992015
3052858439
3045607743
3025887461
3039521646
3048042903
3041160128
3046173217
3057168934
3058238451
3041349971
3042317594
3046029919
3047296131
3041282627
3051460066
3049173941
3046309996
3040828996
3040303161
3055076175
3036576419
3046020436
3053865604
3000231327
3042501282
3040670143
3040289124
3057909263
3046405655
3048303526
3051839574
3053932167
3053438010
3060254179
3053643151
3040272879
3046617290
3053332823
3054870371
3037814320
3041585522
3048701719
3059835005
3046100087
3048937588
3055519380
2989157057
3055323952
3043432938
3045645123
3053852924
3048027620
3049292232
3047754879
3048066001
3042076451
3052730192
3045339555
3042812841
3045498569
3056072329
3053840206
3053307870
3013830022
3050006641
3053762793
3052758923
3054270102
3045179189
3041307643
3045119589
3058843076
3048349981
3041769163
3058147989
3053997228
3035185014
3047120123
3052866821
3051370605
3059118964
3056330752
3052067819
3055338512
3059817202
3040384245
3040300198
3050428098
3052776815
3051501694
3048031756
3048093246
3053547709
3021078080
3040677714
3048092982
3052974497
3049799253
3048025983
3045727570
3053300917
3020830069
3052793787
3054534021
3040421274
3039587830
3040924649
3058292942
3058007535
3033531641
3053835791
3053881419
3059965649
3053985029
3042225855
3040484486
3037156594
3041332216
3038545531
3047059365
3041889050
3052776327
3054433430
3051641857
3059948126
3038919225
3053291839
3041195801
3052222519
3049050359
3046642809
3038276090
3043791391
3041163897
3052939144
3040640628
3041255953
3054065515
3039860192
3057667963
3057290912
3039162925
3048233635
3057485759
3055048558
3054508403
3051021377
3046856718
3048249867
3059334709
3058754574
3047383778
3040449061
3052693358
3058520685
3053542635
3060049779
3053642303
3040883326
3045177391
3057281996
3056054521
3053121054
3046949838
3054316830
3052878139
3057190084
3060097479
3055318204
3048292681
3054202815
3045648147
3051892875
3057077582
3045809812
3040920669
2841707085
3053870596
3045751098
3039983158
3042411305
3041216515
3039759514
3059247148
3036505369
3048227398
3056800837
3038928721
3049304848
3053638395
3057864853
3038936757
3057456016
3039833630
3045912642
3058513858
3042190155
3036990830
3058495446
3054120213
3039600380
3059877552
3040010530
3051218138
3046314688
3046240564
3053242330
3046899418
3042317449
3043690497
3041284684
3045905274
3055867598
3055872295
3052266805
3050583111
3056393653
2994922648
3041391389
3047221742
3054509664
3054546512
3056350577
3050902862
3051139534
3054167643
3056708732
3047618561
3054275403
3048585257
3050744057
3056442417
3053011909
3058229499
3047376436
3059821077
3043457774
3059928715
3053996251
3045894612
3052756585
3058738267
3058756154
3052942233
3052991964
3052618632
3041582209
3041868598
3042052678
3039493398
3059349694
3057530219
3040840786
3044253334
3052014514
3045743546
3048467634
3041745785
3051901412
3041560062
3044141494
3039876287
3059203644
3040098060
3042153499
3046635598
3052838041
3052191760
3048513429
3045029754
3052119775
3041464059
3047508358
3051292538
2992773517
3039325689
3049064567
3039151506
3054686197
3047015087
3051020333
3043574702
3049135093
2943112056
3058406654
3052547037
3052574190
3038618528
3057371579
3046489695
3045241872
3042168241
3057415726
3053159650
3046581167
3045770933
3044190870
3042771748
3058192473
3041963284
3047118845
3046059502
3058643222
3039928284
3051005261
3038540384
3043674051
3051838259
3055669452
3049009452
3038277890
3052138992
3050769595
3055018532
3056349170
3050860104
3042125667
3022891195
3047697754
3058645031
3054197319
3051145613
3043448344
3049441854
3048405040
3055815840
3054737370
3049066276
3046308612
3043071667
3048035499
3057020870
3041136232
3046337815
3041287155
3051857270
3052799262
3054474755
3038577868
3039913972
3044653617
3040692410
3050547145
3041100919
3046556628
3051840609
3023465000
3045677728
3043088441
3050400742
3056362156
3040887183
3038885228
3043891068
2801243160
3039196416
3039108922
3049470573
3058139609
3054975746
3049659769
3017904122
3037889415
3054143289
3060209795
3059280873
3047240125
3038704523
3047477440
3053287571
3059248910
3059818011
3045260752
3039000195
3052283551
3040562406
3055002802
3056710799
3039845451
3053160580
3050465153
2997365737
3053194259
3048459058
3055097142
3059589134
3048956089
3053966475
3051499746
3041755486
3060065002
3053355973
3044355844
3046997614
3057631856
3049563269
3052435956
3040650631
3054053112
3036910260
3045240806
3045641095
3038691907
3045836653
3046679090
3054672402
3039438942
3058806976
3054683281
3047195083
3053465933
3051754400
3037449174
3042092096
3058966890
3045242365
3058120736
3041771966
3048150178
3041008159
3051029937
3050632567
3036867274
3053793143
3038098289
3051676309
3059285828
3045414385
3049312883
3052153793
3055689298
3047862077
3046321879
3045343717
3041723933
3052785955
3056073413
3039285345
3051594299
3057979796
3059439166
3045588057
3055105188
3038927094
3053066289
3051759011
3053742698
3045277517
3057480513
3051464396
3041699611
3055898836
3037904123
3052144267
3044445692
3052684216
3055790995
3042002088
3041470833
3057422988
3039771537
3052179111
3052936195
3040809890
3042025546
3058028444
3049316380
3057080862
3044415544
3041292147
3041394974
3039939612
3057990947
3045793391
3059830315
3055889875
3052531488
3056409014
3052729949
3053787564
3047383744
3046565358
3039670478
3042150150
2749337861
3055033955
3059016622
3048432953
3051150899
3042230601
3058832432
3055393583
3042644100
3045227704
3058779629
3052013322
3043832239
3048479016
3053353891
3042943249
3040289119
3036967019
3040919003
3039115339
3047668228
3050400550
3041050541
3036302020
3052477138
3057603286
3053958342
3040751150
3038899261
3042014066
3052797012
3042204233
3045437623
3058683134
3053361588
3020239122
3050398597
3053545002
3039886360
3054007610
3045874171
3043282600
3056346278
3045625226
3040815447
3051288741
3048800195
3051140830
3041755636
3049502004
3052953991
3052546019
3045757343
3042016654
3049065001
3045099009
3058890189
3045604285
3051045023
3047867961
3048743117
3054309879
3052729732
3051789933
3054159244
3039877911
3044939162
3054441276
3043014369
3040043661
3048884872
3038806964
3055533831
3048901107
3056707455
3046431843
3040388568
3038964467
3051035890
2959194402
3044829533
3039395529
3060244879
3040551216
3054084380
3056702446
3041601156
3044817821
3054221465
3040333162
3059106107
3043125079
3051842555
3055438582
3032819994
3052092808
3039464399
3050440224
2667048695
3049240701
3039936433
3041446941
3057767864
3040808436
3058288951
2941930205
3037238203
3045231023
3052363575
3045968397
3058925954
3048772888
3051189192
2940757824
3057142633
3055396181
3044535009
3043014789
3053908852
3045602197
3040379694
3010641436
3056010040
3053905001
3059052904
3053124123
3047862528
3051240482
3049416460
3056453828
3045413194
3045338048
3045747948
3040918391
3057232028
3058992298
3045287683
3001501569
3047419749
3040359570
3053550745
3041395808
3042934320
3038623048
3059462786
3049572365
3051135068
3051533369
3055076028
3034547870
3058319511
3053483719
3047972849
3046412087
3049442518
3053076146
3060244902
3040819288
3059075729
3059284522
3040896944
3041261742
3047848327
3044070455
3045452845
3039132732
3049425111
3055298549
3039145772
3041709525
3044163564
3057785045
3048178020
3045677826
3045337989
3057489953
3040095618
3052466748
3045492409
3040096014
3042992865
3047842142
3053815209
3052659733
3059844481
3049561722
3045280982
3037392517
3049343635
3046992053
3045526817
3048013476
3055356775
3042008741
3054710987
3054056547
3048757339
3038360984
3047148274
3044317519
3058713910
3057803191
3049494264
3047107982
3049521628
3055837385
3038244591
3054697382
3049066298
3059936789
3054466584
3047284037
3049854577
3057707253
3047735756
3040612444
3043168104
3041784113
3058274448
3040501270
3036415922
3050874066
3054859945
3042026413
3057223679
3045231592
3037561859
3047557154
3059383426
3053476243
3056026179
3057756199
3060224313
3059285030
3056102358
3055617331
2943487287
3037982162
3046701964
3041465465
2974765313
3049191514
3045425835
3039121549
3038023979
3050081661
3037462382
3049571256
3040726136
3055804733
3053290163
3050825391
3050747382
3041607176
3057855784
3055089593
3059649663
3053773960
3053406239
3058908861
3039928865
3052739655
3043732679
3031286822
3052978991
3045296340
3041079179
3045242015
3051880495
3047102442
3048672292
3038009891
3052906629
3051615513
3040510459
3058237505
3041920761
3041327895
3047121109
3045240976
3041196703
2968666804
3052861639
3052206915
3058396976
3052579792
3040011456
3042826604
3056606153
3048632020
3053962539
3048397312
3045202385
3051018060
3047416064
3060003097
3045269117
3047972028
3051073160
3050378792
3053642824
3037844294
3048619869
3043918664
3039057393
3038293787
3059432027
3050791813
3059531458
3055479365
3048051312
3059148557
3046101506
3057544601
3051098119
3058409253
3049019800
3048007416
3054816806
3047788983
3053459839
3055324975
3053670887
3039488600
3059013930
3058956024
3054279356
3052278629
3046480602
3047952706
3051725017
3045234876
3054401922
3054734906
3055183053
3038447187
3052923851
3042602694
3059173743
3052544669
3044429711
3046416404
3037370877
3060035495
3057683234
3038898742
3051584715
3057468967
2803385976
3050661295
3051870332
3055474351
3059032565
3052692658
3052192865
3058091854
3036369519
3018896740
3057075669
3045400912
3008571784
3042002215
3051466986
3051292065
3054334828
3055316066
3041564360
2975487200
3059020052
3057900290
3048054986
3058648922
3051533223
3052311619
3053326899
3042516340
3053730912
3057719896
3048515448
3036209475
3048497309
3026497764
3053730004
3059656068
3055638658
3046046435
3039992201
3038077076
3043357097
3045443564
3055064604
3057155544
3042180691
3041772471
3053102758
3051285915
3055059206
3056702823
3045335873
3054621477
3047851208
3057404234
3059192481
3041341617
3043608325
3047426699
3059190272
3057737045
3038251041
3045226976
3054593534
3058916063
3017949399
3051280419
3048252499
3054075730
3052008588
3057866639
3051452093
3057540046
3043054452
3053330911
3053253902
3044321857
3059598113
3039576251
3041637131
3060207942
3053239486
3048210839
3036478351
3036338940
3042563298
3040650886
3040925786
3054974318
3057563401
3054055829
3053457416
3051398785
3058799901
3057770573
3045804362
3056249884
3047605887
3057493455
3053874582
3043841856
3048865507
3048184406
3054962746
3045438766
3047557937
3039711192
3052615339
3055787024
3040256227
3040684863
3047693914
3048900962
3042738870
3048665242
2808153747
3059075145
3050999556
3046632353
3054863488
3039051570
3050653416
3054203229
3042670290
3039057031
3057577946
3037906861
3049621462
3042912073
3053958140
3059737263
3051828754
3039384117
3055066803
3055480175
3054373283
3041026138
3042310610
3040049737
3055417406
3046955298
3044445439
3040794897
3042184982
3044293532
3053052684
3044966807
3041525843
3051761927
3059115228
3045231346
3053234864
3058568250
3040722655
3041964980
3047180012
3053460885
3052846367
3047047098
3051617223
3041413881
3006074846
3051883641
3058857367
3055887557
3039452145
3038921465
3054822693
3041836700
3048519263
3054924295
3059829701
3051892996
3043651834
3038175364
3048243607
3058374134
3053483471
3046442968
3046794336
3056173619
3055161566
3044925531
3048223343
3039110778
3042214498
3059199009
3051182722
3040809221
3048519735
3043396385
3054921990
3046122853
3045240675
3048093409
3051933435
3043041707
3045660280
3048477615
3054358498
3042117085
3039794421
3056414730
3048105126
3056973683
3058659559
3041370097
3041835910
3057739394
3050968325
3053070078
3046662754
3041773193
3051343737
3054036445
3051036877
3051032552
3040512992
3050247533
3055485858
3051706530
3045759137
3047370324
3051253400
3053924872
3047399248
3045118576
3060047420
3047178506
3046216157
3060072667
3045453130
3040895762
3053860352
3054635384
3045175513
3053802257
3045201364
3056717692
3056894939
3051775066
3036871843
3057649367
3052093447
3052218346
3045254877
3059392262
3041294288
3047874951
3040869638
3050105396
3050610893
3052857238
3057578262
3036868068
3041032042
3055065890
3055578487
3045533967
2949797029
3056720477
3053718703
3040820206
3057596716
3051680899
3053822501
3051161591
3051045458
3048792930
3054912979
3044182082
3053144537
3038487856
3054825244
3057725026
3040768825
3038903963
3038266318
3042213628
3048405068
3055297957
3052655795
3058054774
3038640187
3053513480
3051822457
3039592937
3036282493
3059590042
3059428111
3041540289
3051824385
3044797234
3046548538
3051884842
3052207393
3054383619
3050563541
3039675256
3049609608
3047861897
3051011009
3049439823
3041783513
3048700788
3059222913
3049160256
3041442650
3045627661
3039836243
3044741271
3043889518
3047862397
3045672473
3055292099
3050162784
3043856818
3053817101
3046204798
3047789871
3053382752
3037720656
3056991166
3040882997
3046873233
3038396831
3060175778
3045242563
3041154624
3041757665
3051792765
3052839615
3053776418
3044034454
3054052336
3054539242
3049919403
3039733296
3044949202
3052994144
3048363326
3053834147
3040257882
3058308911
3041319554
3039839855
3048566878
3039014207
3058817128
3045247922
3047684542
3049427813
3036685860
3041919680
3051498715
3049660179
3058895987
3059461986
3048146148
3054053228
3044759443
3041117277
3046704719
3057744420
3057296305
3047179087
3057662110
3057649266
3044745469
3049817251
3040571708
3058330709
3047009808
3042810039
2868726525
3056526101
3057345780
3054690433
3040669209
3053474689
3052157912
3043271949
3056814059
3043114368
3051303216
3038875256
3052420183
3045899525
3059174983
3019890513
3054241280
3040690078
3045381100
3053529879
3051369275
3059220879
3041898066
3046698156
3036955128
3039496676
3039696864
3054330676
3037492396
3053519900
3054783922
3054989191
3053355950
3036441106
3045575434
3054523600
3054264427
3045183561
3055073940
3041827510
3050993004
3051652908
3052978791
3052028593
3038108936
3054276534
3051249946
3048854572
3052346161
3053837383
3052941017
3020968103
3058508113
3050701599
3043058488
2998125160
3042943478
3040122721
3053760589
3059763273
3046100614
3042032312
3051399392
3054841041
3048566512
3059513564
3055194349
3046352852
3047690156
3047472221
3001624102
3056361345
3055907742
3059017905
3053233343
3042636943
3054774032
3054251512
3058468406
3058533935
3059508075
3049549336
3046478511
3046544066
3041519601
3046463906
3051876776
3047940399
3047762085
3050849857
3054203995
3049850291
3051877318
3058834648
3047944235
3049324863
3055896247
3058693284
3058995114
3041895697
3045441707
3054959035
3047922821
3058006092
2882894987
3058677613
3042799565
3047606395
3037757407
3053800978
3039218889
3049985091
3054558131
3038450183
3044984767
3040599890
3046554233
3042816294
3039520694
3058130576
3059954318
3045125360
3042370495
3016203594
3045281431
3053781340
3054259456
3039973483
3042808401
3059945034
3058183348
3044840995
3040877184
3053656429
3047756437
3045959298
3054438034
3047543488
3054436275
3039227898
3046234031
3045860212
3036250788
3044985811
3057983806
3053526682
3046983757
3050438900
3039090093
3055695399
3053285027
3045240781
3058471665
3052284312
3038276954
3044421223
3048591654
3059461825
3047191174
3048358221
3040829143
3057977610
3056332223
3046153682
2982727836
3038826692
3040252267
3041112681
3050819552
3047883298
3044871664
3053054089
3052748617
3049150986
3040153219
3047482668
3050013093
3044851113
3054770820
3054692034
3041887522
3051227531
3057462769
3008632795
3057940854
3040145014
3058632326
3052938972
3039264959
3039515915
3052937954
3052690972
3050947221
3053599129
3042053722
3039096903
3053713612
3040890682
3052217987
3046015333
3057104347
3040096232
3044896995
3038406168
3044461826
3047289809
3051863401
3041524894
3050952679
3041687483
3051764469
3054579388
3054363062
3047004025
3040946298
3060142472
3041207991
3046627292
3056280386
3052630754
3040782547
3052113351
3057679731
2997828723
3055719812
3054017147
3041452465
3046465118
3052667355
3051396287
3041075755
3047450381
3041049736
3055549193
3052021486
3039088153
3017145149
3054935007
3059032036
3040095309
3054503462
3054830880
3041568463
3052829934
3053059223
3048290449
3054599784
3054430934
3045249472
3049844068
3048725170
3039264317
3041404019
3058304048
3045418549
3041426225
3051800358
3045393711
3038033619
3040505207
3042939068
3046703081
3040478111
3047680978
3040337200
3046479358
3048592445
3045240756
3038166235
3038103460
3040785271
3056631438
3055720635
3053553076
3049674958
3058778102
3044315089
3052866479
3041173736
3043894631
3057767778
3042252657
3048043590
3052842504
3036365047
3058827809
3053054073
3041862593
3048914687
3044347106
3052570988
3036358212
3059870576
3039150544
3041352261
3058551034
3040777395
3055861221
3054284292
3037047674
3059334861
3039555090
3053785167
3043041692
3058531834
3054632060
3039071883
3046211205
3046894803
3046729457
3052641044
3054390219
3041101200
3039283713
3057531041
3054702004
3044865178
3058751699
3054969939
2996595655
3020307989
3051546955
2989783812
3039297728
3053503288
3053984062
3039907379
3050301773
3053776920
3054740353
3039245537
3051277242
3041805841
3036455573
3057901660
3058161824
3044804443
3045581643
3045977903
3059408181
3041790839
3056562896
3052131150
3055341973
3045247923
3048957831
3042232071
3036909106
3054350838
3057588984
3038952134
3046380967
3040560526
3045238628
3047035352
3040214706
3053814793
3053954778
3036349239
3051393149
3044833387
3043997243
3058188153
3055915504
3036472528
3045432326
3039494898
3048599676
3054968592
3054541152
3040122535
3052230377
3039086999
3053473140
3048444931
3026978257
3054274052
3058435106
3058615290
3057776929
3059929559
3040195434
3041723949
3049954810
3054726260
3040397381
3059884813
3039030161
3050530324
3045965000
3056284715
3040991200
3042027292
3045508949
3055176933
3039515913
3048648957
3057831202
3059223438
3057551747
3044956953
3046765953
3047366650
3048078660
3055280039
3038439204
3047571399
3053466923
3044780197
3048286700
3047938523
3050492202
3046893478
3042435531
3044852691
3052748642
3038398432
3050983460
3039118970
3041752361
3057003350
3051742092
3057402882
3044057792
3055446316
3051933460
3046421652
3039135247
3050874953
3048689363
3049064819
3045105978
3051648282
3054018526
3056469379
3045404009
3053801808
3051590335
3039903338
3053788988
3055014085
3044779414
3044829006
3039656482
3041587639
3054649386
3057845733
3058515291
3050616438
3022721623
3054998118
3013446994
3057718867
3058128067
3039753521
3050552148
3039827896
3054341652
3048347154
3046641008
3054307441
3045743812
3037316300
3038257993
3057062214
3056546095
3057770375
3045092014
3057699167
3045247583
3052998364
3040542788
3055154879
3040663405
3042954094
3039322289
3058210744
3047556710
3022138380
3048108890
3040644657
3049773662
3053687086
3051711773
3045751321
3048212950
3048041859
3055152485
3044287999
3040502437
3039489692
3048441490
3052755490
3054954295
3048017993
3053973174
3053541257
3059821788
3057600243
3037327314
3039876873
3049249128
3037901875
3057354058
3054490401
3040857336
3039903530
3047708231
3052279294
2971497381
3044194336
3057679209
3058562677
3044111744
3058804474
3058742597
3045026013
3051627089
3041178616
3059001826
3040758320
3042349705
3043375011
3058531364
3046207515
3059626460
3048098116
3053897967
3038885607
3042159686
3045086983
3047403380
3054275363
3051346266
3037342673
3045134740
3057914675
3053831337
3059031935
3039714092
3051019586
3059290538
3055512483
3046757082
3046741517
3048688855
3042395521
3044421200
3039049446
3043517672
3045387318
3039347002
3051956565
3039904778
3057081212
3038171472
2987708008
3058150156
3051128683
3059343163
3048643924
3041504805
3050845796
3045766345
3059831980
3042526943
3048090367
3047387067
3060063643
3054137195
3041885559
3053856285
3059312678
3041742380
3052061662
3045753169
3046101203
3051349835
3049568935
3041511534
3044877240
3059449540
3045462194
3051823366
3020755160
3053059102
2981526580
3048093930
3036362109
3053341150
3045895447
3059970476
3043888024
3058238914
3051800314
3038362983
3058607130
3041638131
3059559250
3045568487
3049277111
3048602894
3045015695
2969969306
3038994908
3059127570
3054184008
3051701864
3041521603
3045337629
3046884715
3049973662
3052962766
3049821215
3038342067
3045639578
3054532008
3046247226
3059483411
3044965122
3042426761
3059371438
3056447311
3042095730
3047335136
3049137118
3050021393
3042504509
3047274791
3055134274
3049834206
3048243174
3050612362
3055042176
3039299698
3039237777
3047081206
3048554410
3057840548
3058206888
3042330881
3058973684
3057449837
3052691466
3049349903
3038806136
3052844434
3040667448
3046897391
3039582953
3052114207
3053939296
3059704461
3037217322
3055345776
3048591392
3053452139
3054610416
3039039077
3036689190
3059644347
3053458777
3046266131
3046999024
3042114096
3051768050
3053361255
3042628753
3017589320
3041197270
3041194357
3042865915
3039148362
3054843012
3044981410
3038936102
3051767182
3059589283
3048691380
3041586584
3039312952
3036857272
3057794165
3040665698
3041700050
3055107655
3058038891
3051504432
3053489168
3051896486
3054651960
3045368819
3047439630
3053802204
3041840304
3060173032
3038413867
3053595586
3048055383
3047288111
3045681627
3055593320
3052145651
3059598192
3047017592
2981991056
3052832373
3047351330
3052138996
3051047974
3046410321
3052774038
3037011544
3059634952
3054329652
3058894175
3037073796
3053787097
3047607083
3050978533
3058200990
3054183172
3039480928
3049004072
2996064688
3054560975
3041803486
3045669659
3047717967
3054360205
3047575202
3048332067
3040699268
3038751813
3039486996
3052708914
2994180330
3036428368
3054703809
3013020317
3049746430
3047862510
3034066052
3055016150
3041862306
3045783052
3052968672
3052197358
3051252993
3039033133
3058397684
3052476800
3049681135
3053256818
3050855477
3049727104
3051178586
3040628968
3040531185
3042980270
3045866263
3047556780
3039175506
3053025045
3042629749
3057585635
3058265780
3040542957
3050900902
3044057004
3053941032
3060253755
3055309306
3048768938
3038167275
3047514881
3059475631
3058604350
3048196168
3059841083
3053791601
3046860160
3060214624
3045242162
3060026482
3039607314
3047452929
3041382840
3058321059
3057499229
3047849326
3051869252
3053194935
3039983733
3027403282
3052046883
3045116466
3043768372
3057701734
3048092961
3040695883
3038796427
3059780400
3053595159
3055083289
3052806473
3054679460
3038320337
3059191843
3038931632
3039326973
3057950164
3058675445
3059298657
3041200204
2963254788
3052130153
3049711762
3054008473
3044979146
3046500951
3046484558
3059790086
3052118718
3048154015
3056421499
3048575484
3048970371
3048414463
3060120908
3041198474
3039000035
3045432419
3039270328
3047138946
3049920076
3039917935
3046479755
3047109987
3039303715
3038098668
3037399332
3047986498
3055967419
3055089200
3058152581
3054582617
3047647975
3050038525
3037280096
3052574231
3039834115
3042026631
3038873725
3045805738
3054348536
3037655527
3042992093
3058796055
3057435974
3059989775
3056356378
3039021831
3046398106
3043008420
3054827516
3045096476
3045614085
3041772491
3056006615
3042157121
3046423695
3047480497
3049656043
3056665556
3039175560
2974876799
3036661628
3043165147
3054874554
3040387181
3054255203
3053965382
3057619941
3043458037
3051568774
3038616186
3041472454
3058448940
3040733440
3038782373
3048940454
3045247328
3048143365
3057430168
3041169648
3058610740
3056372172
3035944774
3041011191
3043180495
3041725024
3046894834
3041834851
3039075195
3046392847
3050825304
3053537118
3054955150
3042721470
3046725155
3039520662
3047220240
3043075972
3043648674
3059342473
3047439556
3048032492
3058404172
3052109690
3058644340
3047230157
3051213487
3052942576
3050410190
3037219781
3039772998
3048619295
3048318293
3044954367
3045734883
3039076758
3047583376
3059982467
3041873501
3045514787
3048536388
3038946458
3046690214
3057688415
3055337713
3017159003
3051108369
3059085793
3055472585
3051859575
3049806647
3059084870
3052771267
3058461659
3039903701
3039961385
3037395526
3048169196
3039842426
3051001598
3054956728
3054131275
3048905061
3045241228
3060242976
3043372993
3060252070
3053791648
3047713490
3059938092
3047400347
3051870112
3059725134
3048718102
3053652281
3041479875
3052876303
3054907780
3045241058
3059154240
3049184582
3060048139
3041740611
3045282289
3059211728
3039022755
3058473956
3059009954
3045816583
3059419378
3040684640
3055768953
3055405293
3046366430
3037969939
3047470365
3053369799
3041862391
3051509556
3044987088
3059505938
3051033722
3053812297
3051905812
2969801536
3057989520
3051128545
3040262227
3053681688
3050301746
3021819658
3045958061
3046956747
3037427526
3039267222
3047356228
3045242018
3055612402
3052297267
3041308910
3046438411
3058485101
3046810682
3051939046
3048175794
3055314218
3052902355
3058590404
3040628404
3056198139
3049386575
3051225451
3040662964
3039291435
3055541359
3041470793
3059396221
3048401421
3054629478
3057314968
3039903387
3041423441
3044413853
3042012759
3051441457
3038904629
3050561366
3026978254
3041893839
3051181761
3052615653
3049428278
3044193337
3054533251
3046024796
3053085784
3041915822
3052802232
3043941629
3059543184
3044377670
3050896278
3050543114
3047994377
3052904896
3047376936
3052396646
3051300248
3057321183
3057801328
3052899597
3048223497
3048685555
3041827064
3040484773
3054932118
3056756841
3055408664
3037125693
3048385347
3049552442
3056441454
3047753463
3039315393
3057731826
3060115944
3057866511
3036589227
3048042314
3039405095
3038741521
3051098797
3053474998
3051973296
3038602212
3049761173
3044271274
3039521173
3040473633
3039842768
3046997711
3054428516
3046799257
3051363331
3021423471
3059834956
3048817302
3044316217
3051456058
3047656794
3042189693
3042106620
3040825716
3056009849
3044187890
3043449875
3036248994
3047618543
3040243908
3056010049
3038337233
3054500726
3045143723
3054920779
3040389503
3047881817
3043222326
3051979486
3038932295
3053193586
3037304906
3046762409
3047185299
3048204089
3037188924
3055248815
3049944152
3046334157
3048167572
3051261794
3045247395
3054591405
3057891583
3038321840
3037430065
3057319412
3043062628
3055155052
3041643269
3049431222
3046202704
3041482208
3057723527
3053275974
3052687442
3052118319
3047456514
3052204372
3043472207
3044919884
3041645238
3058155308
3050927667
3041094160
3047569877
3044229617
3039286898
3043717746
3051839830
3052171713
3048025959
3053888360
3049047455
3024325549
3057278966
3044307649
3055610386
3055531204
3037762285
3054943995
3057989282
3058695663
3053747636
3051136955
3048817722
3051344715
3036358270
3049659727
3042001936
3045675209
3051262579
3051043259
3040239941
3052041372
3052841309
3060005961
3040852804
3052876541
3054308203
3054570827
3045241959
3048113223
3051512603
3045215636
3054581401
3059601342
3052776075
3039786583
3059516622
3048186504
3059531598
3042199809
3058471512
3045692122
3058622954
3040389485
3043539843
3055990444
3059268332
3059222250
3045914495
3038730257
3039809253
3039126359
3048392981
3051106369
3052254880
3039793717
3046728110
3041348846
3058984599
3053884961
3057935951
3043344818
3043311452
3054876375
3056432896
3057351129
3040663315
3053200579
3041747621
3052505610
3059568914
3043025328
3049535180
3057376999
3058057674
3053940996
3007209994
3036848277
3046163069
3046241827
3041292897
3054143444
3058685184
3038468882
3054797590
3055763388
3048493562
3042224167
3057879846
3042885558
3039892346
3043761642
3054204382
2977058113
3047120361
3055896314
3041094148
3039108589
3058424934
3041321049
3052570653
3054645576
3048944440
3039374945
3054117722
3041314715
3057592533
3054433383
3044897442
3042949941
3048042795
3051910198
3040857758
3044135560
3041995774
3039274923
3038436006
3038477154
3047134438
3059649737
3051193917
3059995981
3049992839
3047194735
3058054328
3050235099
3055905418
3048317506
3056692129
3037826556
3038640534
3053906230
3048200202
3052641855
3051399015
3036413310
3057205975
3052844309
3060005038
3037742318
3045252090
3044519570
3049409879
3052040787
3057721309
3049901531
3021049799
3059712328
3042658803
3059736607
3058169181
3037256524
3051393134
3057330211
3059734303
3055112546
3047335490
3052253187
3040952769
3039083142
3040814671
3040702232
3039338108
3040955964
3040856169
3060215730
3042139030
3053901365
3045724272
3042227246
3040122588
3045705759
3041545575
3046768420
3058763157
3049052380
3046412538
3060207113
3052657722
3036458165
3040475141
3041176520
3053786522
3056615448
3046161395
3043086765
3051148747
3059658259
3052355108
3058486980
3049211858
3053857516
3055096794
3048491245
3043008418
3038623829
3057961528
3040738564
3053183906
3044415105
3039805596
3040447211
3059938087
3051084211
3041338246
3053267152
3048924091
3048708678
3057249165
3056684515
3045458679
3046270785
3053742873
2731073424
3055152035
3059581246
3060138601
3038097233
3059389110
3044965992
3044516236
3049248828
3054485011
3048035539
3058414873
3051802639
3036589858
3050006395
3056378552
3052147981
3049849315
3055284070
3053093066
3053684342
3057675164
3058980730
3051856471
3048003508
3039534907
3041769642
3054551777
3048108341
3039984813
3053721165
3047351400
3042448946
3059013319
3053085275
3037602030
3044049049
3038136619
3042361039
3041853601
3040875934
3049880395
3038200750
3056769919
3041101924
3054724187
3055095807
3048745787
3056256601
3036367829
3058385978
3057837246
3050580015
3052992063
3057856658
3039450205
3058582990
3053778419
3053686541
3051000927
3042197200
3060133693
3051868594
3041005484
3060039011
3048245726
3053907791
3053879231
3040638477
3040720499
3055852541
3046595681
3059696669
3048005978
3059269803
3043490865
3055854437
3055404491
3039624764
3050912122
3052483767
3038305635
3039503804
3056750347
3042000166
3052063748
3037218205
3050124202
3041579303
3059414350
3038539150
3045506591
3038146062
3050074657
3046274850
3053092843
3038605101
3044666652
3047022896
3043202574
3050661319
3039862215
3046417366
3039029655
3041686908
3039275103
3053142292
3047273164
3059210432
3047465601
3043741364
3044968595
2987517309
3053309717
3048063159
3044268541
3057372458
3041646245
3050687640
3040499929
3049203977
3055292638
3040726219
3040718981
3040687974
3045892441
3038346901
3041861394
3043141600
3043475205
3047448552
3044026697
3042321601
3059201459
3039915114
3039943111
3047405223
3058332637
3045247869
3048635813
3051312812
3042760821
3059626747
3043554587
3045515210
3053240636
3050578250
3051984284
3058293970
3048802240
3047274578
3045668601
3039136912
3055458832
3045640224
3045781462
3039616103
3040604968
3041674216
3045447956
3057357336
3057562057
3046336592
3053153560
3054600745
3055701658
3057954463
3044969129
3055566213
3041929522
3053017675
3051409936
3048500308
3053170121
3041893971
3038095903
3051665950
3040397689
3053248711
3051084379
3059155853
3058637370
3051649794
3049120383
3059264988
3045247942
3048131963
3059318345
3037363910
3040774226
3046271794
3055638281
3042633736
3042896771
3055721166
3050291473
3059198836
3054072062
3045771782
3053412614
3038347834
3053745313
3048323424
3022259936
3041175835
3049997004
2909075160
3040453175
3021014220
3052901827
3060068340
3057353322
3058437481
3040086187
3059182428
3053052438
3057822127
3060230483
3055441285
3015804101
3057643924
3059199760
3051835533
3039199027
2946564216
3050765132
3048749482
3050783000
3054609896
3041598540
3037570747
3042798522
3042170086
3055578662
3055369122
3047526427
3044917538
3051769671
3053221308
3040525233
3046748378
3050168510
3060260844
3054672976
3039372356
3043427610
3051287222
3059068435
3048051928
3047980968
3048473725
3049061647
3045240879
3045238595
3050367731
3059626647
3058990642
3046688181
3049238305
3037864838
3045527449
3041863300
3056125479
3049561464
3052554569
3048758355
3048472661
3059796249
3052200566
3049683850
3043243718
3041213404
3051228007
3048950812
3055547503
3057682760
3042597629
3047861914
3051029556
3054837809
3048093444
3059153573
3059904706
3057302507
3048303253
3052289475
3048725392
3054629932
3041690512
3051762353
3055768016
3036232128
3039229762
3042405331
3046435922
3039353437
3014649499
3039658841
3050761466
3058365415
3059974384
3051739002
3042565586
3040528158
3048093474
3053238757
3052851279
3052173428
3054962934
3057924960
3052311806
3047449589
3047176115
3059397068
3053637449
3054425619
3051362636
3059196816
3047946902
3048149564
3042381161
3044173343
3052123126
3047876270
3041535793
3040862414
3052818705
3055940909
3055474246
3036350774
3038486218
3050169371
3039734062
3047856645
3057432361
3057766325
3042483346
3056798772
3045338776
3052799292
3048210282
3045640545
3045588218
3058150327
3053061856
3059835100
3039651927
3058795807
3033703716
3059014935
3056936897
3038197551
3050218459
3045680564
3060134614
3060189349
3058834262
3051829011
3054476581
3045302301
3047796423
3052499851
3051609023
3037610147
3050175657
2937998080
3043088146
3053831414
3048000627
3058809351
3045520469
3057403666
3054781670
3046263784
3037849278
3046956354
3059830906
3039681308
3053697025
3058682953
3038619726
3041197134
3058194478
3050363603
3041351513
3045242179
3042224499
3043972343
3041931386
3047015998
3042053383
3036265342
3051500192
3059325483
3057521628
3055040863
3046433926
3054660195
3040288274
3039026829
3047286949
3046411675
3057698529
3058221957
3040123017
3053300099
3059306479
3057297705
3048959365
3053949068
3042760004
3040635375
3038973335
3048282095
3056879081
3051467799
3042651002
2932041130
3048737967
3049218449
3038399335
3037787004
3045449788
3058994185
3041750873
3057732299
3052856772
3039734533
3040854318
3040710868
2869910717
3043051353
3040787120
3057634217
3055336062
3058505606
3051219227
3057947407
3058139946
3059828928
3054805515
3048496879
3059935926
3051210202
3058451532
3042648875
3051328354
3055758357
3058930284
3054812890
2851130807
3048150877
3052095179
3058035472
3048774126
3056061448
3055246987
3055968049
3048044975
3052308099
3048733141
3056826623
3057849692
3048789589
3056021931
3042015484
3057768796
3040899125
3002806110
3040832828
3043784877
3056502959
3057723702
3042163850
3003797812
3040438098
3041911156
3042570478
3047761484
3053161864
3058505254
3051842167
3055015378
3055409746
3052617742
3038096112
3041681140
3036972644
3051697924
3047954862
3047738422
3048694832
3053225437
3045720056
3042899665
3041765343
3042359089
3045697970
3043677408
3051124157
3054866311
3038824688
3054181758
3058466208
3055771357
3050285066
3053461551
3047126097
3039796871
3055666858
3046922661
3051847118
3041822140
3043255248
3060139747
3048769171
3049183020
3056238770
3057067342
3046611083
3046021869
3048233853
3047050448
3045241117
3059576019
3049280603
3040649798
3054541018
3041583685
3038314980
3052829576
3041280397
3060245436
3053412051
3054872036
3054058187
3041693478
3046534616
3052839253
3047258872
3053322513
3043973283
3045240433
3046505002
3048989357
3052206513
3046619966
3047472135
3052456002
3059881751
3051784524
3042377244
3045948656
3046855712
3057256198
3042657301
3039782765
3044929348
3047386873
3040495189
3054646295
3047016184
3046745947
3041196060
3051738330
2975906293
3045127174
3051092227
3044444139
3048284115
3058455393
2717866021
3046176921
3040355727
3045626118
3040683518
3041193271
3045575736
3040581796
3045601013
3059920342
3027148780
3049266059
3046957109
3052296064
3048382395
3041139808
3045153862
3048214323
3052687155
3054817724
3057572083
3022036926
3060221749
3059653702
3039521038
3057618237
3042024855
3038853662
3047053895
3054573938
3053953663
3043092745
3059903783
3047846243
3042298895
3051582416
3055724913
3043136125
3053417096
3041200246
3040944474
3002465626
3042357442
3059248572
3046443491
3058558498
3038670964
3042092288
3038207283
3049136707
3051520486
3047253805
3057154575
3045247650
3056044655
3053974414
3040701422
3054618434
3052608901
3046159117
3057067545
3045574304
3047979715
3050568915
3039448886
3040393813
3028428062
3040389022
3041669516
3037120938
3039521004
3047582474
3051390751
3053764208
3045312582
3048119145
3046029848
3039109536
3040148103
3042310052
3058857138
3059837464
3050951906
3045646041
3060257761
3046311607
3060148544
3039903294
3058230741
3041785301
3047001900
3048757583
3051614063
2919347764
3038991874
3054629752
3051162656
3058565768
3054884269
3052213504
3050136744
3055591684
3058808140
3051147454
3035475582
3045241955
3059915871
3045791811
3039416762
3054149115
3051137289
3044046021
3051607010
3059448768
3056696552
3048424642
3052019738
3055955723
3047479524
3038135621
3045850182
3035185203
3053466964
3013186673
3057566654
3053704273
3039415303
3043353584
3050314335
3039418304
3055469743
3047161974
3047430471
3058116323
3058676590
3041245141
3046575968
3043355094
3051350235
3046441281
3052015119
3046427961
3041580694
3053978528
3059639645
3035943933
3045320448
3046631307
3051053719
3057855139
3036814070
3057793561
3056889233
3038773786
3051561265
3057713306
3048143236
3045098997
3042008146
3039437326
3052384557
3054881951
3040559882
3037668587
3048370019
3045386396
3059488605
3047322899
3040885003
3049147754
3038102452
3059615692
3047706711
3048210765
3051345028
3055739064
3037387590
3049847722
3059265457
3037740635
3041523651
3043477810
3040861211
3058122697
3039872186
3048093827
3058083098
3034630727
3060017438
3040146293
3038096811
3046242293
3051837891
3039877335
3048268739
3048130759
3053867158
3038634291
3045618822
3051626479
3055465210
3052133949
3039821393
3058659725
3036880918
3044905316
3048560428
3051789093
3057283282
3059359304
3057286612
3052634013
3039056695
3057335195
3059181444
3048785554
3044678579
3057594586
3043796400
3047430515
3042668567
3038982962
3058953192
3039492480
3042071841
3055756144
3055011058
3043358303
3059402721
3043450313
3054063803
3040096065
3038315475
3059780778
3054966891
3047481878
3046625782
3045735794
3047862278
3024891560
3054165664
3048227901
3053839506
3056556779
3051840401
3040140381
3050561887
3055355209
3042727103
3052971887
3040810475
3053330893
3021419337
3047470792
3040641221
3045625495
3055388512
3044165731
3053050293
3041276540
3045223194
3051828563
3045163029
3047576918
3042754845
3052372575
3055696976
3055379111
3047554662
3043043392
3047960575
3056389125
3043676733
3041769616
3053673276
3051717399
3043634787
3048584874
3051539188
3045917963
3048379366
3047363012
3038905938
3055172491
3048834126
3054693317
3045248050
3059331799
3045254076
3060033866
3042783516
3003987400
3047859364
3059974463
3054831894
3051216052
3046247718
3043072130
3051055035
3052756914
3046243960
3057546033
3041864034
3034547686
3055056038
3043210327
3047751022
3049963799
3051862776
3053082951
3038767894
3056334803
3046188604
3047230801
3055519592
3052803782
3055244596
3054031406
3051922040
3057741459
3051492427
3047785083
3053076920
3059738011
3037198885
3041080223
3039567365
3041032374
3046631058
3039868719
3058880388
3020505678
3040953285
3048203265
3051542296
3048214271
3053151539
3045600119
3049343976
3047728724
3047847583
3050184810
3054136589
3053081135
3053509215
3038396599
3052914585
3046558565
3040954542
3041174910
3045640604
2977395064
3047861842
3036363376
3055805922
3045269241
3046110596
3040488380
3044927692
3059948093
3056429458
3045241972
3045888945
3039492655
3045136080
3049760314
3045240804
3055689983
3045932112
3048978040
3054734219
3044873204
3059452967
3045756308
3041314545
3048405693
3059101911
3048121519
3054658517
3060259077
3048616178
3057190033
3047576733
3051058628
3045091062
3054817392
3041189272
3051623496
3027975143
3055737188
3052402491
3049244101
3048340829
3047571475
3048094724
3054607678
3037154590
3057588745
3048145867
3041598692
3060247085
3051514382
3048467514
3049941468
3060240175
3045714025
3040908419
3047632480
3037351035
3052963102
3050386547
3052998719
3047043768
3054166339
3038726919
3048914625
3041410217
3051807020
3048611745
3048580786
3054687483
3016203595
3037831111
3039084229
3047053568
3054277974
3042310157
3058136775
3047306485
3038658361
3045030715
2449397392
3040290251
3047180386
3057387133
3046250148
3039852348
3040673747
3053938890
3041608122
3040774180
3044942029
3043783729
3048214395
3052899172
3051538239
3047411808
3052202943
3049536469
3045344134
3046359947
3046223240
3039399382
3053074937
3038384512
3041711955
3039911844
3057683490
3046915042
3047576445
3060103286
3044098316
3048165215
3057689837
3051730558
3053481858
3048892177
3050737926
3036580944
3047732457
3036621085
3051371017
3042402136
3047552193
3060251901
3045242266
3052797289
3049210443
3038392741
3058801519
3060039925
3054367244
3036215827
3056007321
3052138040
3045240943
3059116201
3045905099
3048878281
3050487879
3053395533
3042260944
3044144345
3052901528
3055083915
3041325007
3050980566
3048308624
3059135954
3046897339
3048588056
3060096059
3052864829
3048084873
3051268170
3036511685
3054934067
3037171304
3043946428
3055442410
3050973780
3039974495
3055704331
3051150829
3058990422
3042014196
3039758890
3044962794
3042188933
3039435246
3053301809
3041118742
3057330241
3055381554
3041749376
3049530646
3037055407
3036378486
3051498782
3053255269
3054054096
3059028832
3046390790
3048143736
3052400083
3048232499
3040985283
3048843726
3044236474
3039048292
3051862377
3059140593
3051238908
3055531618
3054961755
3051500376
3054031621
3046227396
3046789991
2819796291
3047881059
3053303674
3043761691
3059073004
3059331942
3043112271
3058081912
3048182238
3047417182
3053525800
3047809252
3036729486
3053823528
3054180167
3044364795
3039346782
3060232277
3050582055
3058567389
3053509232
3052148193
3048691613
3044783818
3055593871
3053332108
3056068943
3054517745
3045585873
3055742292
3059565757
3054868962
3048327844
3051764817
3044912121
3048819323
3043904031
3042670913
3054741365
3052451189
3048420542
3041404616
3054252229
3053196407
3039154054
3051498392
3037464672
3057559877
3041480046
3048621517
3050486904
3040239528
3055302592
3053787987
3041173910
3052607385
3041191487
3042404981
3038622454
3040804654
3057524417
3044229735
3047700722
3054545768
3048110199
3060230161
3059752231
3053593391
3047046558
3051555345
3054185506
3017850886
3057899746
3052042042
3047932605
3057808841
3051912861
3045292341
3025045761
3048330650
3048002231
3042135736
3053481876
3057421166
3043972549
2934262640
3045151921
3045058745
3050637863
3054901690
3052501107
3041170214
3046272813
3010582957
3038645752
3047385491
3059017749
3054085938
3044977713
3045994033
3050445422
3054376897
3059669393
3040995808
3040160092
3056244398
3060189836
3040974516
3046676565
3059248559
3041380031
3056076601
3055568964
3024782165
3045297268
3045616229
3041617579
3045330279
3052194885
3059561422
3041539995
3036253071
3041710017
3040034257
3044821933
3058573637
3036303075
3049939242
3042589394
3040963209
3050718293
3040992709
3054376027
2946107343
3053667986
3058153893
3054725837
3057445691
3053096381
3049871350
3058402693
3059527691
3052360254
3058246286
3054940293
3058373839
3060057769
3048763287
3046122822
3046157635
3054241864
3051828381
3050414052
3058655358
3040286017
2983197683
3051494030
3059815978
3055162182
3054365099
3049322267
3044423028
3054690134
3058212875
3044399676
3055603380
3043145224
3040719089
3059728587
2990848744
3051290880
3059687748
3055197765
3047988429
3042944663
3045627931
3041574916
3039711276
3047001497
3059694639
3046705275
3051866439
3040492495
3021878137
3059243539
3049037255
3045324622
3041702519
3048948552
3050938530
3052570969
3044771834
3056535456
3044800637
3041848009
3045745086
3047482701
3059965399
3047248028
3055246646
3055052205
3047064348
3039920059
3000051485
3052273908
3040215260
3048203790
3045706121
3055185485
3046416697
3054990516
3047075651
3054458592
3044904571
3041993408
3040459819
3059877484
3045241511
3042171159
3040195263
3042287860
3038277634
3038313282
3059903063
3045425493
3054971995
3042712476
3052411952
3047694800
3043188103
3050593725
3050988789
3059417700
3048093681
3037769348
3051358170
3059164050
3059346994
3037879341
3045979369
3056287808
3048856976
3056191946
3038178910
3048505249
3046649970
3045867953
3053445027
3055124011
3044891205
3042860741
3051784129
3038924543
3043467392
3047227044
3046871641
3046994172
3041110138
3041048332
3038931072
3057461428
3044534172
3042042275
3058139831
3048182021
3045615184
3039858138
3040659905
3040013518
3051081722
3050327163
3053854704
3054177705
3049036990
3040960465
3040245409
3052126220
3041390014
3058567014
3045061005
3043812349
3037132546
3060076566
3054644991
3042039277
3048020396
3039926152
3046998075
3045590372
3051807865
3048933263
3051160950
3048095716
3060124967
3058379330
3055531679
3060247054
3052060833
3058601531
3038735222
3051852599
3050414906
3054612327
3054480211
3040187222
3040798556
3047805133
3041607884
3054193751
3048261188
3036549608
3055097636
3050926352
3052201481
3048706021
3038880272
3041875512
3040457935
3046122156
3058804334
3039898731
3048598735
3038860212
3059411246
3058273653
3055096554
3052818773
3040845983
3042760544
3048247889
3057624026
3046655557
3053958490
3053897524
3051812500
2962702395
3053961851
3022259307
3052889774
3058151129
3051135058
3047613874
3059151382
3049647027
3043407051
3040925521
3054751856
3045866284
3045004438
3057172157
3059232613
3056892604
3048323704
3043108308
3047022078
3058935580
3039796220
3040596758
3055484580
3054725663
3046110473
3042135774
3040096338
3047811238
3038096955
3048303650
3054202297
3036492620
3038261907
3013591681
3047694884
3059724387
3055061591
3042007612
3051074418
3047425627
3039903474
3041570819
3051553394
3048179035
3042041892
3039583726
3052823563
3057356461
3060076948
3044411268
3054720823
3051480683
3045147294
3009218521
3054384539
3039144264
3040246412
3046544279
3059359199
3045247514
3042101731
3038371978
3016750924
3053874210
3041544737
3045691431
3044396379
3048093604
3038371792
2826028144
3051277937
3059646442
3039489387
3057028599
3052403330
3045503461
3046733663
3045746185
3048100778
3053092660
3038813692
3050257202
3052984872
3046527610
3054887193
3044438457
3041648762
3046626587
3048066407
3057156564
3050990819
3053978248
3037457872
3053108072
3054252864
3045697986
3051204318
3059889896
3039092541
3059620790
3042464759
3051947736
3043769089
3041989520
3039997018
3042334120
3052674633
3056261973
3052281766
3050973973
3058028100
3052216566
3047262962
3041766788
3051496257
3056247233
3045313876
3048613085
3054621062
3038159535
3055692193
3058301288
3043072663
3052214540
3052962459
3046707293
3016203676
3021418802
3040039054
3053889560
3047473501
3059338860
3019859002
3039082296
3040148660
3055252517
3060153478
3048495780
3055685457
3037811256
3057247704
3059028513
3040982454
3043664194
3048591656
3042148045
3047938796
3052837416
3052503597
3037819099
3053766272
3047907722
3047055056
3054251971
3049356865
3057419517
3040027786
3051181469
3057905415
3059631970
3022627055
3058695454
3044955280
3055598211
3038362112
3055698445
3041832689
3045255338
3037846359
3051927004
3042290022
3046996052
3045757210
3047774379
3047757506
3059262773
3038931792
3048938847
3045537585
3054207391
3043336288
2970639761
3046125387
3047532697
3058218757
3045247766
3053535725
3041928633
3047952079
3037252921
3047692377
3044869659
3048249353
3039438894
3040877436
3047427973
3055396510
3058468776
3040466376
3058992645
3036492223
3041298154
3051699126
3048560073
3051762056
3055977833
3053281823
3056430579
3037881677
3055035758
3018391753
3053854707
3039413779
3045108156
3039991912
3051781499
3051180955
3053943398
3060215211
3051263741
3045888851
3058105567
3037923962
3038946800
3044016635
3040384696
3048120905
3048241375
3045437565
3052048284
3058394386
2875794285
3042747437
3054182490
3059484913
3055616866
3046836726
3059324624
3049684462
3040710534
3046600651
3051161012
3048632876
3046969308
3048803829
3053333230
3045423712
3047845692
3049691235
3043521549
3060118843
3051964246
3045241719
3054424729
3050574598
3059721939
3044276270
3056134261
3041040869
3041363534
3054466581
3047448593
3054116545
3050239510
3048094357
3047461347
3053586583
3040937867
3058756281
3041603666
3052420748
3052683109
3054270734
3045247506
3048382135
3040637559
3045861396
3039945301
3037248866
3054658651
3047089178
3058630531
3059440229
3058214604
3055302726
3052619800
3045264079
3054002472
3040603922
3045734200
3056848126
2949979967
3053486446
3046991132
3059339653
3048563264
3057743067
3048093077
3041133434
3058646358
3055886596
3040741913
3039130454
3051893786
3054871491
3050628689
3041515758
3059907784
3051003690
3048320375
3043154151
3058983804
3054847435
3048029829
3051790020
3053836342
3035137898
3052316267
3048674863
3043902510
3038324837
3038640913
3042002571
3052259339
2987388074
3050731406
3053806093
3051911331
3052890890
3043363162
3052624812
3049335912
3051840926
3037906261
3038123028
3038252027
3050035326
3051195631
3036320225
3040291826
3044468276
3036275501
3055905030
3048560307
3042800417
3054251058
3058982321
3047334687
3059810092
3059288916
3047152061
3039616364
3056978707
3040888210
3047970722
3047696749
3053265385
3041594764
3053001121
3046398840
3047787285
3041126471
3042812091
3059809379
3059148916
3043102807
3038944028
3034591720
3058612719
3058458590
3042618764
3053309570
3035167077
3059073081
3052884457
3049257870
3057606292
3055836121
3040433739
3040639484
3051165703
3057843322
3039289446
3050690858
3052393800
3045359231
3055195625
3045243944
3057419248
3051579179
3046076817
3045246761
3040583391
3059299503
3050343219
3058287929
3057958399
3048589041
3059015573
3045241963
3045304654
3058007963
3045103310
3050870908
3055858994
3045484571
3038969288
3041020164
3048590265
3055227459
3057594496
3059829275
3042706016
3055209180
3041393514
3045817450
3053635623
3048244039
3047450205
3059371107
3038099437
3051852956
3036923370
3040195520
3046506593
3048442280
3051055955
3054701919
3054979919
3059169589
3045753260
3052250826
2866097334
3057346847
3058982436
3044936821
3041458311
3053550890
3041624043
3037736066
3039474534
3040135865
3046902333
3046917112
3056315557
3039878656
3058428070
3039033893
3057627114
3052064161
3052446250
3048416711
3052771634
3000278974
3046326617
3053686382
3018282328
3049007401
3053067060
3058595158
3055513171
3058159836
3039197073
3052568251
3059527367
3059388179
3040295586
3041996980
3046786569
3051601372
3044198171
3052700971
3041424336
3054394522
3058455741
3039270260
3040235409
3040952194
3052698760
3047569354
3045381766
3043042136
3055851241
3046626116
3041217172
3042645287
3060175910
3045242290
3038351957
3046725320
3053938786
3045241352
3056023157
3036884425
3041922393
3051017422
3045433397
3052129351
3041465357
3046867627
3047119100
3047437160
3047903708
3053767874
3055972186
3056937502
3051790957
3054707428
3039981196
3045859666
3044055253
3055146820
3059831718
3048687393
3038375054
3059554479
3048268807
3042962929
3053860350
3058063994
3054434604
3047569727
3047076033
3053514441
3051849613
3051037743
3037821287
3056223020
3038132347
3059098365
3041768396
3049132696
3043039245
3057732887
3042493763
3039133687
3056370413
3050570250
3059351050
3048326913
3041122186
3055048846
3058755912
3038948935
3051858400
3060156692
3056564659
3041898711
3059814742
3056280041
3043134985
3045347575
3056670146
3054355734
3036909587
3046329928
3040884852
3051555914
3049348528
3048570546
3046711171
3054784610
3047393937
3052941597
3045028129
3054791345
3037848657
3051851011
3040867421
3045730334
3045641615
3053034933
3044329689
3037177661
3040366199
3040184650
3013450911
3051337643
3040544115
3060224475
3057139064
3041117756
3033231696
3057538414
3055065914
3056268107
3052120304
3045932520
3047446017
3044791366
3054507070
3041535353
3056957365
3048412629
3045478321
3049803025
3046227084
3047251166
3038314587
3037828854
3057199506
3058122294
3060055186
3033681843
3052256411
2978694885
3052376047
3057985074
3039002769
3048252471
3040638915
3051621800
3058469817
3051260845
3059818037
3059878830
3053459195
3058878524
3049545471
3042308920
3059979625
3042652389
3046160497
3043609857
3048503376
3051806819
3058148333
3047767531
3025395796
3059676287
3045827823
3045064218
3051029568
3037011287
3054709513
2938032143
3049260808
3041965829
3026804546
3053474920
3058157929
3059442961
3048868270
3038755326
3052949068
3049508109
3052518162
3041040023
3049316007
3049052400
3038283762
3036452964
3059418363
3047621497
3044682436
3054920852
3042713943
3048947608
3060259919
3038913569
3041141717
3054872257
3057644808
3048093528
3043943441
3047005158
3053841660
3058992278
3049504716
3038963627
3042035413
3046970935
3047152717
3051420900
3042038715
3047412592
3057708097
3054893976
3051538969
3048451780
3048453374
3048389247
3039539356
3054009458
3052130510
3058297346
3053676842
3053156140
3044373592
3054562470
3045907430
3048249159
3047478196
3045619891
3041293951
3060223151
3040845375
3044873844
3039244942
3041032252
3046888053
3041228792
3043805749
3038884350
3052818388
3041412867
3049889970
3037783874
3045753366
3056359910
3058380898
3059554754
3040007863
3051977375
3048061524
3040163288
3015898943
3041500649
3055339045
3057959724
3040224446
3053727624
3060055253
3038967027
3054726819
3045247567
3058209317
3036677395
3052234185
3046122700
3049964102
3048643848
3057338774
3038622286
3042022571
3045255701
3042053436
3052192147
3052261106
3042134794
3054976861
3057676773
3041469387
3038605424
3059233935
3039521191
3041968365
3055645521
3041806730
3051072581
3056697980
3040582948
3046448944
3049884121
3043065957
3036347847
3044637063
3056079565
3060071290
3038277716
3049913003
3039907185
3058610020
3059609933
3046305450
3058510374
3041551935
3054276933
3045374868
3044322324
3045415736
3055351460
3059891902
3046096788
3048735344
3047987564
3036662191
3053026816
3041336388
3051652379
3041334158
3050112137
3049162415
3041579385
3039253033
3059508614
3045122725
3052131902
3049137231
3053127341
3042382301
3051581361
3058718052
3054699665
3044829140
3053666366
3052944242
3059879163
3038633586
3047088038
3040883307
3044625683
3055225636
3053752355
3045512280
3058666720
3037213002
3048186157
3058349033
3048805809
3052274301
3037514320
3053754462
3059044536
3040300500
3039817050
3056144729
3056777580
3038943837
3036273753
3050043934
3041860963
3052129174
3057373987
3058693356
3047440718
3047360945
3045470949
3053078788
3060249565
3038906989
3055507534
3041002743
3040817902
3059743338
3038092969
3040942966
3047783067
3038171555
3058025104
3051219142
3057571083
3048887946
3057355854
3056714201
3048725006
3055937721
3053149382
2990056388
3060259889
3046145606
3059451542
3047680505
3042504632
3045157326
3051121013
3039493253
3059513841
3047836438
3056276594
3042646860
3051374897
3059293391
3054518738
3058153890
3051035055
3058299451
3056733511
3057598751
3057715904
3044386917
3046217482
3040986949
3059831024
3055052221
3039047081
3040653088
3044541812
3038465958
3049310276
3054806607
3056763757
3047185449
3036398559
3043624005
3040886288
3038934845
3046100313
3038641658
3037909555
3050301283
3048386307
3055824936
3056812467
3049648892
3055732072
3058785563
3039665626
3045714598
3053757741
3041356233
3046869714
3051639967
3048992932
3057993259
3040704509
3040988490
3039250717
3041541892
3054823945
3045729933
3057891883
3042315406
3049872502
3046675864
3051644450
3040625509
3054917710
3044861371
3059202063
3058129972
3048523442
3045824098
3058564690
3052167526
3040191135
3048381805
3048825994
3041809511
3045430535
3046200613
3051636360
3057879308
3039583383
3059569877
3046481767
3043381383
3055283949
3059179483
3058397334
3059767837
3043252434
3057601294
3052578973
3045247897
3053936665
3057691838
3053117455
3045287984
3048644038
3049473202
3053721477
3058146055
3042271660
3054023357
3055943943
3038735702
3038946061
3060089309
3054695574
3040889090
3045640050
3050849938
3057295503
3050358090
3051379238
3041704984
3040892532
3039408493
3054407685
3040123145
3059015391
3050558201
3041797036
3057767539
3054402681
3048159851
3047484091
3043908543
3040893511
3038936130
3041105575
3046385990
3048205205
2985550645
3036596988
3046265295
3045639813
3045436621
3047016265
3051061403
3042057840
3037272645
3058117799
3046087421
3052968266
3055041053
3052941390
3047861817
3051959228
3048491545
3042009053
3046708312
3052524067
3055346456
3059444488
3037212797
3048006714
3041273641
3056673088
3039517126
3046519059
3048827076
3048772923
3043534564
3049500989
3059239063
3037263494
3058992760
3047377035
3058990632
3040294038
3051699565
3060241220
3037160384
3053353242
3052539992
3039656021
3036213433
3039331556
3039995235
3047796609
3046464223
3049461037
3048336959
3037301901
3054575211
3009391250
3045855099
3045842382
3052904408
3046650710
3041006421
3051304889
3058638029
3056184430
3045308520
3040844537
3039886316
3056831072
3057286844
3057978834
3046823868
3039078927
3052667033
3052146522
3059444687
3037635673
3045645347
3020660837
3046873681
3045955193
3041062533
3052618653
3046835417
3057795757
3041356953
3044985436
3040401213
3037944597
3052106786
3054150798
3042238840
3039722046
2988501424
3054641682
3054826887
3040639586
3052362879
3054581262
3045206939
3042755845
3048670174
3053061601
3037082145
3054357619
3053599721
3060029161
3041149750
3059019857
3047314633
3052004605
3053198507
3042846746
3055552171
3060128380
3052057277
3039108865
3044650650
3059306773
3048153888
3055469087
3036215060
3058871154
3051672940
3045228793
3043140991
3046193929
3053559738
3054256702
3054390251
3040637710
3045434230
3045520605
3054928878
3047014686
3051297690
3046934267
3045798685
3055856077
3038975047
3052764800
3044981319
3057687047
3054608233
3037266643
3059940755
3047367568
3046903976
3054822004
3042122170
3048328422
3051346146
3052512726
3038247534
3045241220
3048179042
3046507762
3046257406
3052286811
3045240870
3047856179
3043400301
3042221817
3049932331
3043074101
3053417761
3048619165
3059676174
3055034446
3057325746
3054108778
3038226694
3058235348
3054637734
3057615194
3055960008
3058000137
3058185146
3039841391
3045906431
3052332511
3048355380
3048340998
3055884372
3039232211
3047822567
3042812987
3055684658
3057622204
3057719529
3048654339
3047786254
3050059491
3038963810
3052610531
3044857862
3060085932
3045290740
3058148837
3050043096
3042991236
3047584744
3054030953
3052804571
3037735170
3047941741
3046357270
3048030068
3057005334
3056112200
3051236359
3060039634
3059380064
3050345121
3058600606
3060114994
3052802930
3055977511
3041590009
3053616563
3060040228
3045490555
3039016441
3057256267
3053811232
3052042620
3056038172
3054712199
3058511899
3041760915
3059779658
3041327952
3047158137
3039479199
3057801443
3043431743
3057355682
3040842373
3047161903
3059181828
3058678565
3057933603
3038883770
3054788066
3038487665
3039348130
3049552699
3050898966
3046272866
3052416843
3058054133
3045205630
3046585248
3055558322
3037434429
3046606218
3040303378
3040607367
3052181878
3050145433
3045536559
3059654118
3058784334
3038842887
3047119070
3059991444
3057673947
3047861727
3059520878
3055393580
3047728902
3057696513
3058295951
3038489536
3045306868
3055103183
3042079161
3060136062
3044505491
3038452141
3040887197
3057709957
3052086687
3051472006
3057446256
3045135441
3059004939
3059837399
3059668178
3056627674
3048140968
3048322500
3048139981
3055261315
3044171855
3053338423
3054577251
3045774869
3045209435
3050952951
3055391109
3053800633
3054378578
3056017598
3051784570
3052759337
3047016708
3039622216
3046900445
3048475679
3045687454
3045126703
3046999986
3047598814
3046159081
3038765976
3042116562
3052527897
3052381944
3050969906
3053155632
3038116219
3052851567
3051343694
3042187819
3042321392
3047926620
3051352552
3040774507
3047228248
3051366808
3057988490
3055068922
3051529655
3057492962
3052738983
3045698205
3016203486
3046521605
3047497037
3046008604
3053565986
3044912004
3040798668
3047861794
3049661944
3049140553
3038640611
3053367735
3044047190
3040158892
3041808163
3002139555
3042023979
3040907937
3042128578
3047808573
3051806889
3059945273
3040965447
3047451446
3044970399
3047281147
3039521016
2946150216
3040999457
3041110825
3052745947
3038145852
3044166638
3054420779
3036721314
3045103058
3056513484
3053134783
3052447066
3044196160
3044626470
3041843611
3043293472
3059550626
3051747608
3039903508
3042099737
3052179835
3040800141
3046730894
3044869901
3054770627
3041201770
3055509354
3043608116
3059094342
2939574034
3048681553
3042027600
3053731005
3057653880
3056043776
3047861949
3053845016
3038100298
3055481626
3052556453
3057176253
3053987186
3037039155
3045446578
3040880605
3048974635
3037537309
3041926288
3040764434
3045243794
3050971945
3053864249
3038450584
3055248163
3048016320
3047208160
3040667774
3046858306
3050809326
3041200051
3038095828
3040854779
3060067921
3041460035
3051405917
3049786386
3049010416
3058021048
3060017045
3046365150
2723739153
3054670878
3042421926
3046378621
3054877407
3059117660
3059493321
3038952701
3048840926
3057014574
3045569811
3058668007
3056228256
3041443495
3039800830
3051843192
3038614957
3055770454
3050222400
3052345309
3057716832
3038726905
3044650974
3059886253
3049715481
3048798401
3049342473
3042123325
3035138152
3044463082
3048875216
3043127940
3038944200
3049242050
3047826934
3039193988
3040384127
3045651519
3045702623
3045238651
3048800287
3054695320
3045934191
3039374846
3055102826
3038612241
3057872177
3048968811
3042814226
3020793436
3059637238
3047333732
3058883868
3020194312
3045738674
3052917070
3045169306
3055108874
3046163020
3051083335
3041521716
3053145264
3047340479
3041616267
3043121477
3040796315
3047309544
3046233569
3057831836
3025375927
3046145819
3050532425
3043874019
3038920177
3051174147
3057745140
3058297351
3038232084
3046955680
3050752395
3059594671
3042799237
3048844240
3046961361
3056569835
3047464811
3051989181
3054068050
3045574467
3059189898
3037716683
3038903689
3045445281
3045328075
3038209697
3037242169
3046546341
3055176997
3044518989
3057272976
3037825907
3046431802
3051522258
3045807934
3045138188
3050319587
3045622625
3053131203
3053174350
3059346082
3050650836
2730340741
3053724161
3045241292
3057522357
3052508276
3024225085
3059489297
3049623542
3055325946
3053861390
3042002664
3048452022
3048396436
3047461506
3057947181
3057462593
3038554933
3041865383
3051259163
3039760851
3046999383
3042177262
3042300021
3048331629
3050944893
3059999648
3053059133
3052905007
3046504670
3041497499
3041619600
3052936436
3050914406
3053166317
3043857016
3045733440
3047804087
3056574388
3053767703
3058665582
3046179719
3052062162
3042121326
3036397299
3055404686
3059209934
3059340351
3043122513
3053784422
3046627877
3040831803
3037186088
3057538586
3045241861
3058650497
3040940374
3059107487
3054085217
3058696998
3041452122
3058996517
3058567861
3049149930
3053534394
3058125083
3037605890
3051881589
3041386884
3043176939
3048602093
3053943566
3054230415
3038258722
3051224802
3053682373
3053213563
3039771472
3036918396
3042233066
3056937305
3056397695
3049631553
3041362013
3036505921
3060048264
3039060723
3046700839
3048381498
3047743488
3026271240
3055112503
3046015027
3051992945
3049166578
3047126369
3052177222
3047995915
3055089275
3040499925
3056537977
3057437083
3051847088
3051353781
3039647880
3059257364
3059590178
3053795731
3059366773
3038702186
3039077806
3059265849
3047797022
3053400513
3047786287
3045402295
3040621683
3049457268
3057700478
3060021268
3039867625
3043222143
3053063075
3057651503
3044960953
3060240481
3040252481
3039494152
3047240420
2963386189
3048902586
3045777703
3057585464
3045227264
3058613327
3058368590
3058837588
3039521743
3045836332
3051383128
3053078407
3031800954
3040141970
3060167124
3049241756
3051985473
3046319247
3040395277
3055645945
3055509839
3039135755
3060127134
3045235022
3051600544
3038136529
3056760155
3057647972
3057757276
3051894379
3045241475
3043648001
3059859846
3037866121
3059950875
3048630046
3020417697
3043279884
3045805819
3041574962
3054611926
3047470381
3045296965
3054459427
3053912901
3009446094
3047168994
3051004033
3040760687
3058834934
3046362755
3034214023
3051855949
3057245577
3049772400
3038198018
3045989244
3040710284
3051408734
3049269557
3046841171
3047703252
3051201434
3050860654
3053944368
3053671679
3040389459
3054865853
3051222993
3046602263
3020649728
3038526988
3054095425
3060159231
3040773164
3048787030
3040663974
3022590380
2948786137
3041459130
3051163315
3053860612
3025957484
3059657272
3046357160
3051258414
3059342228
3051539228
3045771538
3039332090
3054743054
3040374131
3059253539
3046274160
3055943060
3046677521
3047761743
3046959385
3041667670
3048168307
3058348762
3051198091
3057693468
3054084512
3038357076
3041440343
3016202841
3051865593
3052119177
3045392384
3050377177
3049011372
3055195442
3059082199
3056022810
3059253274
3048363664
3042185964
3049594155
3050534282
3037699683
3059413369
3042321099
3045242119
3058641890
3041234163
3042549902
3043473875
3049521912
3052790175
3052961625
3048431417
3053359377
3050928078
3047125078
3060257376
3036224942
3039872046
3058622741
3039915210
3057847244
3059561831
3059864452
3044331369
3054561911
3059389115